,AU,id,count
1,ap-northeast-1.ec2.cloudharmony.net,"[17602, 17789, 3457, 62684, 52844, 28344, 1004774, 30940, 1003233, 1003967]",10
7,asia-northeast1.gce.cloudharmony.net,"[17602, 17789, 3457, 62684, 52844, 28344, 1004774, 30940, 1003233, 1003967]",10
22,japan-east.azure.cloudharmony.net,"[17602, 17789, 3457, 62684, 52844, 28344, 1004774, 30940, 1003233, 1003967]",10
2,ap-south-1.ec2.cloudharmony.net,"[1002932, 27411, 52640, 54617, 1000327, 1000772, 17590, 1000927, 53411, 19994, 19994, 62069, 62069]",13
21,india-west.azure.cloudharmony.net,"[1002932, 27411, 52640, 54617, 1000327, 1000772, 17590, 1000927, 53411, 19994, 19994, 62069, 62069]",13
8,asia-south1.gce.cloudharmony.net,"[1002932, 27411, 52640, 54617, 1000327, 1000772, 17590, 1000927, 53411, 19994, 19994, 62069, 62069]",13
11,australia-east.azure.cloudharmony.net,"[1002225, 1002682, 27989, 28477, 689, 1005159, 19983, 23394, 62515, 1004453, 19983, 24742, 52955, 60892, 27273, 62515, 14537, 55685, 23713, 55685, 1079, 1002575, 12363]",23
4,ap-southeast-2.ec2.cloudharmony.net,"[1002225, 1002682, 27989, 28477, 689, 1005159, 19983, 23394, 62515, 1004453, 19983, 24742, 52955, 60892, 27273, 62515, 14537, 55685, 23713, 55685, 1079, 1002575, 12363]",23
12,australia-southeast1.gce.cloudharmony.net,"[1002225, 1002682, 27989, 28477, 689, 1005159, 19983, 23394, 62515, 1004453, 19983, 24742, 52955, 60892, 27273, 62515, 14537, 55685, 23713, 55685, 1079, 1002575, 12363]",23
3,ap-southeast-1.ec2.cloudharmony.net,"[1002686, 1005126, 16426, 16494, 16513, 16588, 22935, 33717, 50804, 54515, 55212, 55449, 1001514, 27119, 33085, 50274, 53569, 33512, 54778, 53569, 53569, 53569, 53569, 53569, 53569, 53569, 25346, 25346, 1002718, 33085, 25838, 34667, 33531, 10717]",34
9,asia-southeast.azure.cloudharmony.net,"[1002686, 1005126, 16426, 16494, 16513, 16588, 22935, 33717, 50804, 54515, 55212, 55449, 1001514, 27119, 33085, 50274, 53569, 33512, 54778, 53569, 53569, 53569, 53569, 53569, 53569, 53569, 25346, 25346, 1002718, 33085, 25838, 34667, 33531, 10717]",34
10,asia-southeast1.gce.cloudharmony.net,"[1002686, 1005126, 16426, 16494, 16513, 16588, 22935, 33717, 50804, 54515, 55212, 55449, 1001514, 27119, 33085, 50274, 53569, 33512, 54778, 53569, 53569, 53569, 53569, 53569, 53569, 53569, 25346, 25346, 1002718, 33085, 25838, 34667, 33531, 10717]",34
31,us-west.azure.cloudharmony.net,"[1002591, 1002626, 14226, 16790, 60313, 60822, 61816, 61868, 62868, 1002626, 1002768, 13056, 24908, 32, 55283, 60822, 60929, 61816, 1001040, 10743, 12426, 19648, 22802, 23127, 28, 28221, 53798, 55492, 60234, 60929, 61113, 62365, 62498, 62741, 62868, 61879, 28597, 14203, 12938, 54276, 62226, 52326, 51754, 52601, 28597, 1002242, 61010, 13671, 1001360, 62718, 62226, 31423, 52326]",53
32,us-west2-a.gce.cloudharmony.net,"[1002591, 1002626, 14226, 16790, 60313, 60822, 61816, 61868, 62868, 1002626, 1002768, 13056, 24908, 32, 55283, 60822, 60929, 61816, 1001040, 10743, 12426, 19648, 22802, 23127, 28, 28221, 53798, 55492, 60234, 60929, 61113, 62365, 62498, 62741, 62868, 61879, 28597, 14203, 12938, 54276, 62226, 52326, 51754, 52601, 28597, 1002242, 61010, 13671, 1001360, 62718, 62226, 31423, 52326]",53
30,us-west-1.ec2.cloudharmony.net,"[1002591, 1002626, 14226, 16790, 60313, 60822, 61816, 61868, 62868, 1002626, 1002768, 13056, 24908, 32, 55283, 60822, 60929, 61816, 1001040, 10743, 12426, 19648, 22802, 23127, 28, 28221, 53798, 55492, 60234, 60929, 61113, 62365, 62498, 62741, 62868, 61879, 28597, 14203, 12938, 54276, 62226, 52326, 51754, 52601, 28597, 1002242, 61010, 13671, 1001360, 62718, 62226, 31423, 52326]",53
14,ca-central-1.ec2.cloudharmony.net,"[1002591, 1002626, 1002927, 1003040, 1004212, 1004821, 1005000, 14226, 16790, 18667, 23036, 4069, 50180, 51459, 55018, 60313, 60435, 60605, 60822, 61785, 61816, 61868, 62382, 62696, 62868, 63070, 1002626, 1002768, 1005000, 13056, 14064, 14102, 23016, 24908, 32, 51025, 55283, 60435, 60822, 60929, 61392, 61816, 1001040, 1004232, 10743, 12426, 19648, 22802, 23127, 28, 28221, 35042, 50017, 52422, 53509, 53798, 54330, 55492, 60234, 60510, 60929, 61081, 61113, 61365, 61532, 61731, 61780, 61899, 62365, 62417, 62498, 62553, 62741, 62868, 62956, 61879, 28597, 52108, 1003035, 55744, 1004811, 54539, 14203, 12938, 19966, 33018, 1002580, 55487, 54278, 23059, 54276, 10540, 10540, 62226, 1003195, 52326, 51754, 60455, 26036, 52601, 10422, 28597, 1002242, 54539, 61010, 11529, 62958, 13946, 13671, 1001360, 60169, 62718, 10540, 62226, 31423, 1121, 52326]",117
15,canada-central.azure.cloudharmony.net,"[1002591, 1002626, 1002927, 1003040, 1004212, 1004821, 1005000, 14226, 16790, 18667, 23036, 4069, 50180, 51459, 55018, 60313, 60435, 60605, 60822, 61785, 61816, 61868, 62382, 62696, 62868, 63070, 1002626, 1002768, 1005000, 13056, 14064, 14102, 23016, 24908, 32, 51025, 55283, 60435, 60822, 60929, 61392, 61816, 1001040, 1004232, 10743, 12426, 19648, 22802, 23127, 28, 28221, 35042, 50017, 52422, 53509, 53798, 54330, 55492, 60234, 60510, 60929, 61081, 61113, 61365, 61532, 61731, 61780, 61899, 62365, 62417, 62498, 62553, 62741, 62868, 62956, 61879, 28597, 52108, 1003035, 55744, 1004811, 54539, 14203, 12938, 19966, 33018, 1002580, 55487, 54278, 23059, 54276, 10540, 10540, 62226, 1003195, 52326, 51754, 60455, 26036, 52601, 10422, 28597, 1002242, 54539, 61010, 11529, 62958, 13946, 13671, 1001360, 60169, 62718, 10540, 62226, 31423, 1121, 52326]",117
23,northamerica-northeast1.gce.cloudharmony.net,"[1002591, 1002626, 1002927, 1003040, 1004212, 1004821, 1005000, 14226, 16790, 18667, 23036, 4069, 50180, 51459, 55018, 60313, 60435, 60605, 60822, 61785, 61816, 61868, 62382, 62696, 62868, 63070, 1002626, 1002768, 1005000, 13056, 14064, 14102, 23016, 24908, 32, 51025, 55283, 60435, 60822, 60929, 61392, 61816, 1001040, 1004232, 10743, 12426, 19648, 22802, 23127, 28, 28221, 35042, 50017, 52422, 53509, 53798, 54330, 55492, 60234, 60510, 60929, 61081, 61113, 61365, 61532, 61731, 61780, 61899, 62365, 62417, 62498, 62553, 62741, 62868, 62956, 61879, 28597, 52108, 1003035, 55744, 1004811, 54539, 14203, 12938, 19966, 33018, 1002580, 55487, 54278, 23059, 54276, 10540, 10540, 62226, 1003195, 52326, 51754, 60455, 26036, 52601, 10422, 28597, 1002242, 54539, 61010, 11529, 62958, 13946, 13671, 1001360, 60169, 62718, 10540, 62226, 31423, 1121, 52326]",117
25,southamerica-east1.gce.cloudharmony.net,"[1002591, 1002626, 1002927, 1003040, 1004212, 1004821, 1005000, 14226, 16790, 18667, 23036, 26834, 4069, 50180, 51459, 55018, 60313, 60435, 60605, 60822, 61785, 61816, 61868, 62382, 62696, 62868, 63070, 1002626, 1002768, 1004736, 1004984, 1005000, 12102, 13056, 14064, 14102, 23016, 24628, 24908, 32, 51025, 55283, 60435, 60822, 60929, 61392, 61816, 1001040, 1004232, 10743, 12426, 19648, 22802, 23127, 26834, 28, 28221, 35042, 50017, 52422, 53509, 53798, 54330, 55492, 60234, 60510, 60929, 61081, 61113, 61365, 61532, 61731, 61780, 61899, 62365, 62417, 62498, 62553, 62741, 62868, 62956, 61879, 28597, 52108, 1003035, 55744, 1004811, 54539, 14203, 12938, 19966, 33018, 21181, 1002580, 55487, 54278, 23059, 54276, 10540, 10540, 62226, 1003195, 52326, 51754, 60455, 26036, 52601, 10422, 28597, 1002242, 60343, 14065, 54539, 61233, 61010, 11529, 62958, 13946, 22702, 13671, 1001360, 60169, 62718, 10540, 62226, 31423, 1121, 52326]",128
24,sa-east-1.ec2.cloudharmony.net,"[1002591, 1002626, 1002927, 1003040, 1004212, 1004821, 1005000, 14226, 16790, 18667, 23036, 26834, 4069, 50180, 51459, 55018, 60313, 60435, 60605, 60822, 61785, 61816, 61868, 62382, 62696, 62868, 63070, 1002626, 1002768, 1004736, 1004984, 1005000, 12102, 13056, 14064, 14102, 23016, 24628, 24908, 32, 51025, 55283, 60435, 60822, 60929, 61392, 61816, 1001040, 1004232, 10743, 12426, 19648, 22802, 23127, 26834, 28, 28221, 35042, 50017, 52422, 53509, 53798, 54330, 55492, 60234, 60510, 60929, 61081, 61113, 61365, 61532, 61731, 61780, 61899, 62365, 62417, 62498, 62553, 62741, 62868, 62956, 61879, 28597, 52108, 1003035, 55744, 1004811, 54539, 14203, 12938, 19966, 33018, 21181, 1002580, 55487, 54278, 23059, 54276, 10540, 10540, 62226, 1003195, 52326, 51754, 60455, 26036, 52601, 10422, 28597, 1002242, 60343, 14065, 54539, 61233, 61010, 11529, 62958, 13946, 22702, 13671, 1001360, 60169, 62718, 10540, 62226, 31423, 1121, 52326]",128
13,brazil-south.azure.cloudharmony.net,"[1002591, 1002626, 1002927, 1003040, 1004212, 1004821, 1005000, 14226, 16790, 18667, 23036, 26834, 4069, 50180, 51459, 55018, 60313, 60435, 60605, 60822, 61785, 61816, 61868, 62382, 62696, 62868, 63070, 1002626, 1002768, 1004736, 1004984, 1005000, 12102, 13056, 14064, 14102, 23016, 24628, 24908, 32, 51025, 55283, 60435, 60822, 60929, 61392, 61816, 1001040, 1004232, 10743, 12426, 19648, 22802, 23127, 26834, 28, 28221, 35042, 50017, 52422, 53509, 53798, 54330, 55492, 60234, 60510, 60929, 61081, 61113, 61365, 61532, 61731, 61780, 61899, 62365, 62417, 62498, 62553, 62741, 62868, 62956, 61879, 28597, 52108, 1003035, 55744, 1004811, 54539, 14203, 12938, 19966, 33018, 21181, 1002580, 55487, 54278, 23059, 54276, 10540, 10540, 62226, 1003195, 52326, 51754, 60455, 26036, 52601, 10422, 28597, 1002242, 60343, 14065, 54539, 61233, 61010, 11529, 62958, 13946, 22702, 13671, 1001360, 60169, 62718, 10540, 62226, 31423, 1121, 52326]",128
26,uk-south.azure.cloudharmony.net,"[1000234, 1000402, 1000483, 1000503, 1000568, 1000788, 1000879, 1001615, 1001633, 1001738, 1002318, 1002421, 1002522, 1002683, 1002849, 1002904, 1003159, 1003494, 1003607, 1003610, 1003746, 1003774, 1004094, 1004198, 1004571, 1004701, 1004854, 1004866, 1004967, 1005061, 1005104, 1114, 11170, 11824, 12165, 12279, 1286, 13308, 14536, 14842, 14895, 15651, 16377, 16715, 16827, 18565, 20551, 21286, 21950, 21965, 22312, 22394, 24080, 24555, 25225, 25262, 25993, 26057, 26320, 2659, 26705, 26831, 26869, 27296, 27353, 27955, 28040, 28088, 28126, 28260, 28455, 29550, 29793, 3028, 30626, 32463, 33318, 3433, 34435, 35229, 35385, 35445, 35462, 3601, 3959, 450, 50024, 50081, 50288, 50412, 50612, 50640, 50705, 50719, 50736, 51136, 52413, 52731, 52772, 53236, 53718, 53760, 54028, 54146, 54532, 54866, 55293, 55495, 55677, 55795, 60200, 60972, 61209, 61229, 61321, 63015, 1000056, 1000068, 1000088, 1000093, 10001, 1000198, 1000261, 1000362, 1000559, 1001151, 1001169, 1001319, 1001597, 1001601, 1002480, 1002758, 1002801, 1003341, 1003468, 1004234, 1004600, 1004628, 10159, 11740, 13615, 14680, 14723, 15098, 16102, 16601, 16701, 17968, 18549, 18773, 18833, 19242, 21515, 21529, 2173, 21957, 22131, 22150, 22585, 22975, 23835, 25746, 26116, 26178, 26261, 26385, 26942, 27391, 28357, 29292, 31811, 32006, 32378, 32491, 3267, 33318, 34495, 34506, 34612, 35154, 35407, 35585, 35681, 4167, 50024, 50288, 50541, 50658, 50695, 50852, 50927, 51119, 51195, 51245, 52028, 52975, 53861, 54080, 54791, 55037, 55404, 55739, 61316, 61845, 62760, 1001356, 1002289, 1002750, 1003131, 1003898, 1004876, 1004978, 13040, 13851, 15623, 17979, 20544, 21965, 22895, 35681, 50008, 52537, 54088, 60323, 60328, 61241, 61366, 61498, 62843, 1002482, 32006, 25698, 1000505, 1002482, 1000840, 52413, 35695, 3732, 35695, 15637, 19100, 28716, 11179, 16884, 62730, 23067, 26190, 52556, 1005038, 30774, 29718, 15049, 50970, 1313, 21274, 61376, 1002540, 32630, 53771, 1003690, 1000125, 51090, 54572, 20299, 35667, 35695, 24645, 55248, 55346, 31030, 19461, 1000932, 1004923, 26178, 18833, 50800, 21274, 55138, 35458, 51002, 55138, 24490, 438, 31873, 29211, 916, 3732, 916, 54087, 33915, 19793, 24551, 53723, 28755, 27957, 3283, 52681, 54876, 1000932, 30729, 1002376, 1004561, 22203, 23450, 27673, 35655, 55223, 53843, 35695, 3732, 34182, 35643, 35643, 3732, 52305, 26175, 55223, 916, 60601, 1002970, 21228, 12173, 55456, 1003476, 52082, 52014, 1000879, 25967, 1003835, 1002482, 54398, 1004597, 22029, 52512, 50100, 51475, 15831, 24490, 1005341, 1005104, 1005104, 35478, 28085, 55859, 34957, 31030, 25646, 1000071, 26178, 1004220, 11540, 14341, 1003290, 32006, 1000801, 1000408, 21421, 1000801, 938, 938, 50910, 1004220, 1002802, 1005041, 20171, 52708, 51875, 1003108, 52495, 14743, 11272, 1003664, 1002501, 23067, 2027, 1004747, 1004561, 1000387, 51908, 25646, 55661, 31702, 51002, 34019, 20372, 31782, 52556, 21274, 12823, 23067, 1004561, 12002, 52819, 25646, 1001563, 1004923, 853, 1003835, 32768, 28373, 28973, 1000362, 1004515, 26178, 1003429, 55223, 52556, 2330, 60922, 52535, 54098, 50963, 938, 35458, 55223, 60601, 53810, 21274, 52556, 62428, 62777, 31021, 25967, 2755, 1005255, 50586, 1000899, 1001541, 1003476, 2287, 1004629, 650, 63060, 938, 12823]",435
17,eu-west-2.ec2.cloudharmony.net,"[1000234, 1000402, 1000483, 1000503, 1000568, 1000788, 1000879, 1001615, 1001633, 1001738, 1002318, 1002421, 1002522, 1002683, 1002849, 1002904, 1003159, 1003494, 1003607, 1003610, 1003746, 1003774, 1004094, 1004198, 1004571, 1004701, 1004854, 1004866, 1004967, 1005061, 1005104, 1114, 11170, 11824, 12165, 12279, 1286, 13308, 14536, 14842, 14895, 15651, 16377, 16715, 16827, 18565, 20551, 21286, 21950, 21965, 22312, 22394, 24080, 24555, 25225, 25262, 25993, 26057, 26320, 2659, 26705, 26831, 26869, 27296, 27353, 27955, 28040, 28088, 28126, 28260, 28455, 29550, 29793, 3028, 30626, 32463, 33318, 3433, 34435, 35229, 35385, 35445, 35462, 3601, 3959, 450, 50024, 50081, 50288, 50412, 50612, 50640, 50705, 50719, 50736, 51136, 52413, 52731, 52772, 53236, 53718, 53760, 54028, 54146, 54532, 54866, 55293, 55495, 55677, 55795, 60200, 60972, 61209, 61229, 61321, 63015, 1000056, 1000068, 1000088, 1000093, 10001, 1000198, 1000261, 1000362, 1000559, 1001151, 1001169, 1001319, 1001597, 1001601, 1002480, 1002758, 1002801, 1003341, 1003468, 1004234, 1004600, 1004628, 10159, 11740, 13615, 14680, 14723, 15098, 16102, 16601, 16701, 17968, 18549, 18773, 18833, 19242, 21515, 21529, 2173, 21957, 22131, 22150, 22585, 22975, 23835, 25746, 26116, 26178, 26261, 26385, 26942, 27391, 28357, 29292, 31811, 32006, 32378, 32491, 3267, 33318, 34495, 34506, 34612, 35154, 35407, 35585, 35681, 4167, 50024, 50288, 50541, 50658, 50695, 50852, 50927, 51119, 51195, 51245, 52028, 52975, 53861, 54080, 54791, 55037, 55404, 55739, 61316, 61845, 62760, 1001356, 1002289, 1002750, 1003131, 1003898, 1004876, 1004978, 13040, 13851, 15623, 17979, 20544, 21965, 22895, 35681, 50008, 52537, 54088, 60323, 60328, 61241, 61366, 61498, 62843, 1002482, 32006, 25698, 1000505, 1002482, 1000840, 52413, 35695, 3732, 35695, 15637, 19100, 28716, 11179, 16884, 62730, 23067, 26190, 52556, 1005038, 30774, 29718, 15049, 50970, 1313, 21274, 61376, 1002540, 32630, 53771, 1003690, 1000125, 51090, 54572, 20299, 35667, 35695, 24645, 55248, 55346, 31030, 19461, 1000932, 1004923, 26178, 18833, 50800, 21274, 55138, 35458, 51002, 55138, 24490, 438, 31873, 29211, 916, 3732, 916, 54087, 33915, 19793, 24551, 53723, 28755, 27957, 3283, 52681, 54876, 1000932, 30729, 1002376, 1004561, 22203, 23450, 27673, 35655, 55223, 53843, 35695, 3732, 34182, 35643, 35643, 3732, 52305, 26175, 55223, 916, 60601, 1002970, 21228, 12173, 55456, 1003476, 52082, 52014, 1000879, 25967, 1003835, 1002482, 54398, 1004597, 22029, 52512, 50100, 51475, 15831, 24490, 1005341, 1005104, 1005104, 35478, 28085, 55859, 34957, 31030, 25646, 1000071, 26178, 1004220, 11540, 14341, 1003290, 32006, 1000801, 1000408, 21421, 1000801, 938, 938, 50910, 1004220, 1002802, 1005041, 20171, 52708, 51875, 1003108, 52495, 14743, 11272, 1003664, 1002501, 23067, 2027, 1004747, 1004561, 1000387, 51908, 25646, 55661, 31702, 51002, 34019, 20372, 31782, 52556, 21274, 12823, 23067, 1004561, 12002, 52819, 25646, 1001563, 1004923, 853, 1003835, 32768, 28373, 28973, 1000362, 1004515, 26178, 1003429, 55223, 52556, 2330, 60922, 52535, 54098, 50963, 938, 35458, 55223, 60601, 53810, 21274, 52556, 62428, 62777, 31021, 25967, 2755, 1005255, 50586, 1000899, 1001541, 1003476, 2287, 1004629, 650, 63060, 938, 12823]",435
18,europe-west2.gce.cloudharmony.net,"[1000234, 1000402, 1000483, 1000503, 1000568, 1000788, 1000879, 1001615, 1001633, 1001738, 1002318, 1002421, 1002522, 1002683, 1002849, 1002904, 1003159, 1003494, 1003607, 1003610, 1003746, 1003774, 1004094, 1004198, 1004571, 1004701, 1004854, 1004866, 1004967, 1005061, 1005104, 1114, 11170, 11824, 12165, 12279, 1286, 13308, 14536, 14842, 14895, 15651, 16377, 16715, 16827, 18565, 20551, 21286, 21950, 21965, 22312, 22394, 24080, 24555, 25225, 25262, 25993, 26057, 26320, 2659, 26705, 26831, 26869, 27296, 27353, 27955, 28040, 28088, 28126, 28260, 28455, 29550, 29793, 3028, 30626, 32463, 33318, 3433, 34435, 35229, 35385, 35445, 35462, 3601, 3959, 450, 50024, 50081, 50288, 50412, 50612, 50640, 50705, 50719, 50736, 51136, 52413, 52731, 52772, 53236, 53718, 53760, 54028, 54146, 54532, 54866, 55293, 55495, 55677, 55795, 60200, 60972, 61209, 61229, 61321, 63015, 1000056, 1000068, 1000088, 1000093, 10001, 1000198, 1000261, 1000362, 1000559, 1001151, 1001169, 1001319, 1001597, 1001601, 1002480, 1002758, 1002801, 1003341, 1003468, 1004234, 1004600, 1004628, 10159, 11740, 13615, 14680, 14723, 15098, 16102, 16601, 16701, 17968, 18549, 18773, 18833, 19242, 21515, 21529, 2173, 21957, 22131, 22150, 22585, 22975, 23835, 25746, 26116, 26178, 26261, 26385, 26942, 27391, 28357, 29292, 31811, 32006, 32378, 32491, 3267, 33318, 34495, 34506, 34612, 35154, 35407, 35585, 35681, 4167, 50024, 50288, 50541, 50658, 50695, 50852, 50927, 51119, 51195, 51245, 52028, 52975, 53861, 54080, 54791, 55037, 55404, 55739, 61316, 61845, 62760, 1001356, 1002289, 1002750, 1003131, 1003898, 1004876, 1004978, 13040, 13851, 15623, 17979, 20544, 21965, 22895, 35681, 50008, 52537, 54088, 60323, 60328, 61241, 61366, 61498, 62843, 1002482, 32006, 25698, 1000505, 1002482, 1000840, 52413, 35695, 3732, 35695, 15637, 19100, 28716, 11179, 16884, 62730, 23067, 26190, 52556, 1005038, 30774, 29718, 15049, 50970, 1313, 21274, 61376, 1002540, 32630, 53771, 1003690, 1000125, 51090, 54572, 20299, 35667, 35695, 24645, 55248, 55346, 31030, 19461, 1000932, 1004923, 26178, 18833, 50800, 21274, 55138, 35458, 51002, 55138, 24490, 438, 31873, 29211, 916, 3732, 916, 54087, 33915, 19793, 24551, 53723, 28755, 27957, 3283, 52681, 54876, 1000932, 30729, 1002376, 1004561, 22203, 23450, 27673, 35655, 55223, 53843, 35695, 3732, 34182, 35643, 35643, 3732, 52305, 26175, 55223, 916, 60601, 1002970, 21228, 12173, 55456, 1003476, 52082, 52014, 1000879, 25967, 1003835, 1002482, 54398, 1004597, 22029, 52512, 50100, 51475, 15831, 24490, 1005341, 1005104, 1005104, 35478, 28085, 55859, 34957, 31030, 25646, 1000071, 26178, 1004220, 11540, 14341, 1003290, 32006, 1000801, 1000408, 21421, 1000801, 938, 938, 50910, 1004220, 1002802, 1005041, 20171, 52708, 51875, 1003108, 52495, 14743, 11272, 1003664, 1002501, 23067, 2027, 1004747, 1004561, 1000387, 51908, 25646, 55661, 31702, 51002, 34019, 20372, 31782, 52556, 21274, 12823, 23067, 1004561, 12002, 52819, 25646, 1001563, 1004923, 853, 1003835, 32768, 28373, 28973, 1000362, 1004515, 26178, 1003429, 55223, 52556, 2330, 60922, 52535, 54098, 50963, 938, 35458, 55223, 60601, 53810, 21274, 52556, 62428, 62777, 31021, 25967, 2755, 1005255, 50586, 1000899, 1001541, 1003476, 2287, 1004629, 650, 63060, 938, 12823]",435
0,ap-east-1.ec2.cloudharmony.net,"[1000234, 1000402, 1000483, 1000503, 1000568, 1000788, 1000879, 1001615, 1001633, 1001738, 1002225, 1002318, 1002421, 1002522, 1002682, 1002683, 1002686, 1002849, 1002904, 1002932, 1003159, 1003494, 1003607, 1003610, 1003746, 1003774, 1004094, 1004198, 1004571, 1004701, 1004854, 1004866, 1004967, 1005061, 1005104, 1005126, 1114, 11170, 11824, 12165, 12279, 1286, 13308, 14536, 14842, 14895, 15651, 16377, 16426, 16494, 16513, 16588, 16715, 16827, 17602, 17789, 18565, 20551, 21286, 21950, 21965, 22312, 22394, 22935, 24080, 24555, 25225, 25262, 25993, 26057, 26320, 2659, 26705, 26831, 26834, 26869, 27296, 27353, 27411, 27955, 27989, 28040, 28088, 28126, 28260, 28455, 28477, 29550, 29793, 3028, 30626, 32463, 33318, 33717, 3433, 34435, 3457, 35229, 35385, 35445, 35462, 3601, 3959, 450, 50024, 50081, 50288, 50412, 50612, 50640, 50705, 50719, 50736, 50804, 51136, 52413, 52640, 52731, 52772, 53236, 53718, 53760, 54028, 54146, 54515, 54532, 54617, 54866, 55212, 55293, 55449, 55495, 55677, 55795, 60200, 60972, 61209, 61229, 61321, 62684, 63015, 689, 1000056, 1000068, 1000088, 1000093, 10001, 1000198, 1000261, 1000327, 1000362, 1000559, 1000772, 1001151, 1001169, 1001319, 1001514, 1001597, 1001601, 1002480, 1002758, 1002801, 1003341, 1003468, 1004234, 1004600, 1004628, 1004736, 1004984, 1005159, 10159, 11740, 12102, 13615, 14680, 14723, 15098, 16102, 16601, 16701, 17590, 17968, 18549, 18773, 18833, 19242, 19983, 21515, 21529, 2173, 21957, 22131, 22150, 22585, 22975, 23394, 23835, 24628, 25746, 26116, 26178, 26261, 26385, 26942, 27119, 27391, 28357, 29292, 31811, 32006, 32378, 32491, 3267, 33085, 33318, 34495, 34506, 34612, 35154, 35407, 35585, 35681, 4167, 50024, 50274, 50288, 50541, 50658, 50695, 50852, 50927, 51119, 51195, 51245, 52028, 52844, 52975, 53569, 53861, 54080, 54791, 55037, 55404, 55739, 61316, 61845, 62515, 62760, 1001356, 1002289, 1002750, 1003131, 1003898, 1004453, 1004876, 1004978, 13040, 13851, 15623, 17979, 19983, 20544, 21965, 22895, 24742, 26834, 35681, 50008, 52537, 52955, 54088, 60323, 60328, 60892, 61241, 61366, 61498, 62843, 1002482, 32006, 25698, 1000505, 1002482, 1000840, 52413, 35695, 3732, 35695, 27273, 15637, 19100, 28716, 62515, 11179, 33512, 16884, 62730, 1000927, 23067, 26190, 52556, 1005038, 30774, 29718, 15049, 50970, 1313, 21274, 61376, 1002540, 32630, 53771, 1003690, 54778, 1000125, 51090, 54572, 20299, 35667, 35695, 24645, 55248, 55346, 31030, 19461, 1000932, 53569, 53569, 53569, 53569, 1004923, 26178, 28344, 1004774, 18833, 50800, 21274, 55138, 35458, 51002, 55138, 53569, 24490, 438, 31873, 29211, 916, 3732, 916, 54087, 33915, 19793, 21181, 24551, 53723, 28755, 27957, 3283, 14537, 52681, 54876, 1000932, 30729, 1002376, 55685, 1004561, 22203, 23450, 27673, 35655, 55223, 53569, 53843, 35695, 30940, 3732, 34182, 35643, 35643, 3732, 52305, 26175, 55223, 916, 60601, 1002970, 21228, 12173, 55456, 1003476, 52082, 53569, 52014, 1000879, 53411, 25967, 1003835, 1002482, 54398, 1004597, 22029, 52512, 25346, 50100, 19994, 51475, 25346, 15831, 1002718, 24490, 1005341, 1005104, 1005104, 35478, 28085, 55859, 34957, 1003233, 31030, 23713, 25646, 1000071, 26178, 1004220, 11540, 14341, 1003290, 19994, 32006, 1000801, 62069, 1000408, 21421, 1000801, 33085, 938, 938, 50910, 1004220, 1002802, 1005041, 20171, 52708, 51875, 1003108, 60343, 14065, 55685, 52495, 14743, 61233, 11272, 1003664, 1002501, 23067, 2027, 1004747, 1004561, 62069, 1000387, 51908, 25646, 55661, 31702, 1079, 51002, 34019, 20372, 31782, 52556, 21274, 12823, 23067, 1002575, 1004561, 22702, 12002, 52819, 25646, 1001563, 1004923, 853, 25838, 1003835, 32768, 28373, 28973, 1000362, 1004515, 26178, 1003429, 34667, 55223, 52556, 2330, 60922, 52535, 54098, 50963, 938, 35458, 55223, 33531, 60601, 53810, 21274, 52556, 62428, 62777, 31021, 25967, 2755, 1005255, 1003967, 50586, 10717, 1000899, 1001541, 1003476, 2287, 1004629, 650, 63060, 938, 12363, 12823]",526
6,asia-east2.gce.cloudharmony.net,"[1000234, 1000402, 1000483, 1000503, 1000568, 1000788, 1000879, 1001615, 1001633, 1001738, 1002225, 1002318, 1002421, 1002522, 1002682, 1002683, 1002686, 1002849, 1002904, 1002932, 1003159, 1003494, 1003607, 1003610, 1003746, 1003774, 1004094, 1004198, 1004571, 1004701, 1004854, 1004866, 1004967, 1005061, 1005104, 1005126, 1114, 11170, 11824, 12165, 12279, 1286, 13308, 14536, 14842, 14895, 15651, 16377, 16426, 16494, 16513, 16588, 16715, 16827, 17602, 17789, 18565, 20551, 21286, 21950, 21965, 22312, 22394, 22935, 24080, 24555, 25225, 25262, 25993, 26057, 26320, 2659, 26705, 26831, 26834, 26869, 27296, 27353, 27411, 27955, 27989, 28040, 28088, 28126, 28260, 28455, 28477, 29550, 29793, 3028, 30626, 32463, 33318, 33717, 3433, 34435, 3457, 35229, 35385, 35445, 35462, 3601, 3959, 450, 50024, 50081, 50288, 50412, 50612, 50640, 50705, 50719, 50736, 50804, 51136, 52413, 52640, 52731, 52772, 53236, 53718, 53760, 54028, 54146, 54515, 54532, 54617, 54866, 55212, 55293, 55449, 55495, 55677, 55795, 60200, 60972, 61209, 61229, 61321, 62684, 63015, 689, 1000056, 1000068, 1000088, 1000093, 10001, 1000198, 1000261, 1000327, 1000362, 1000559, 1000772, 1001151, 1001169, 1001319, 1001514, 1001597, 1001601, 1002480, 1002758, 1002801, 1003341, 1003468, 1004234, 1004600, 1004628, 1004736, 1004984, 1005159, 10159, 11740, 12102, 13615, 14680, 14723, 15098, 16102, 16601, 16701, 17590, 17968, 18549, 18773, 18833, 19242, 19983, 21515, 21529, 2173, 21957, 22131, 22150, 22585, 22975, 23394, 23835, 24628, 25746, 26116, 26178, 26261, 26385, 26942, 27119, 27391, 28357, 29292, 31811, 32006, 32378, 32491, 3267, 33085, 33318, 34495, 34506, 34612, 35154, 35407, 35585, 35681, 4167, 50024, 50274, 50288, 50541, 50658, 50695, 50852, 50927, 51119, 51195, 51245, 52028, 52844, 52975, 53569, 53861, 54080, 54791, 55037, 55404, 55739, 61316, 61845, 62515, 62760, 1001356, 1002289, 1002750, 1003131, 1003898, 1004453, 1004876, 1004978, 13040, 13851, 15623, 17979, 19983, 20544, 21965, 22895, 24742, 26834, 35681, 50008, 52537, 52955, 54088, 60323, 60328, 60892, 61241, 61366, 61498, 62843, 1002482, 32006, 25698, 1000505, 1002482, 1000840, 52413, 35695, 3732, 35695, 27273, 15637, 19100, 28716, 62515, 11179, 33512, 16884, 62730, 1000927, 23067, 26190, 52556, 1005038, 30774, 29718, 15049, 50970, 1313, 21274, 61376, 1002540, 32630, 53771, 1003690, 54778, 1000125, 51090, 54572, 20299, 35667, 35695, 24645, 55248, 55346, 31030, 19461, 1000932, 53569, 53569, 53569, 53569, 1004923, 26178, 28344, 1004774, 18833, 50800, 21274, 55138, 35458, 51002, 55138, 53569, 24490, 438, 31873, 29211, 916, 3732, 916, 54087, 33915, 19793, 21181, 24551, 53723, 28755, 27957, 3283, 14537, 52681, 54876, 1000932, 30729, 1002376, 55685, 1004561, 22203, 23450, 27673, 35655, 55223, 53569, 53843, 35695, 30940, 3732, 34182, 35643, 35643, 3732, 52305, 26175, 55223, 916, 60601, 1002970, 21228, 12173, 55456, 1003476, 52082, 53569, 52014, 1000879, 53411, 25967, 1003835, 1002482, 54398, 1004597, 22029, 52512, 25346, 50100, 19994, 51475, 25346, 15831, 1002718, 24490, 1005341, 1005104, 1005104, 35478, 28085, 55859, 34957, 1003233, 31030, 23713, 25646, 1000071, 26178, 1004220, 11540, 14341, 1003290, 19994, 32006, 1000801, 62069, 1000408, 21421, 1000801, 33085, 938, 938, 50910, 1004220, 1002802, 1005041, 20171, 52708, 51875, 1003108, 60343, 14065, 55685, 52495, 14743, 61233, 11272, 1003664, 1002501, 23067, 2027, 1004747, 1004561, 62069, 1000387, 51908, 25646, 55661, 31702, 1079, 51002, 34019, 20372, 31782, 52556, 21274, 12823, 23067, 1002575, 1004561, 22702, 12002, 52819, 25646, 1001563, 1004923, 853, 25838, 1003835, 32768, 28373, 28973, 1000362, 1004515, 26178, 1003429, 34667, 55223, 52556, 2330, 60922, 52535, 54098, 50963, 938, 35458, 55223, 33531, 60601, 53810, 21274, 52556, 62428, 62777, 31021, 25967, 2755, 1005255, 1003967, 50586, 10717, 1000899, 1001541, 1003476, 2287, 1004629, 650, 63060, 938, 12363, 12823]",526
5,asia-east.azure.cloudharmony.net,"[1000234, 1000402, 1000483, 1000503, 1000568, 1000788, 1000879, 1001615, 1001633, 1001738, 1002225, 1002318, 1002421, 1002522, 1002682, 1002683, 1002686, 1002849, 1002904, 1002932, 1003159, 1003494, 1003607, 1003610, 1003746, 1003774, 1004094, 1004198, 1004571, 1004701, 1004854, 1004866, 1004967, 1005061, 1005104, 1005126, 1114, 11170, 11824, 12165, 12279, 1286, 13308, 14536, 14842, 14895, 15651, 16377, 16426, 16494, 16513, 16588, 16715, 16827, 17602, 17789, 18565, 20551, 21286, 21950, 21965, 22312, 22394, 22935, 24080, 24555, 25225, 25262, 25993, 26057, 26320, 2659, 26705, 26831, 26834, 26869, 27296, 27353, 27411, 27955, 27989, 28040, 28088, 28126, 28260, 28455, 28477, 29550, 29793, 3028, 30626, 32463, 33318, 33717, 3433, 34435, 3457, 35229, 35385, 35445, 35462, 3601, 3959, 450, 50024, 50081, 50288, 50412, 50612, 50640, 50705, 50719, 50736, 50804, 51136, 52413, 52640, 52731, 52772, 53236, 53718, 53760, 54028, 54146, 54515, 54532, 54617, 54866, 55212, 55293, 55449, 55495, 55677, 55795, 60200, 60972, 61209, 61229, 61321, 62684, 63015, 689, 1000056, 1000068, 1000088, 1000093, 10001, 1000198, 1000261, 1000327, 1000362, 1000559, 1000772, 1001151, 1001169, 1001319, 1001514, 1001597, 1001601, 1002480, 1002758, 1002801, 1003341, 1003468, 1004234, 1004600, 1004628, 1004736, 1004984, 1005159, 10159, 11740, 12102, 13615, 14680, 14723, 15098, 16102, 16601, 16701, 17590, 17968, 18549, 18773, 18833, 19242, 19983, 21515, 21529, 2173, 21957, 22131, 22150, 22585, 22975, 23394, 23835, 24628, 25746, 26116, 26178, 26261, 26385, 26942, 27119, 27391, 28357, 29292, 31811, 32006, 32378, 32491, 3267, 33085, 33318, 34495, 34506, 34612, 35154, 35407, 35585, 35681, 4167, 50024, 50274, 50288, 50541, 50658, 50695, 50852, 50927, 51119, 51195, 51245, 52028, 52844, 52975, 53569, 53861, 54080, 54791, 55037, 55404, 55739, 61316, 61845, 62515, 62760, 1001356, 1002289, 1002750, 1003131, 1003898, 1004453, 1004876, 1004978, 13040, 13851, 15623, 17979, 19983, 20544, 21965, 22895, 24742, 26834, 35681, 50008, 52537, 52955, 54088, 60323, 60328, 60892, 61241, 61366, 61498, 62843, 1002482, 32006, 25698, 1000505, 1002482, 1000840, 52413, 35695, 3732, 35695, 27273, 15637, 19100, 28716, 62515, 11179, 33512, 16884, 62730, 1000927, 23067, 26190, 52556, 1005038, 30774, 29718, 15049, 50970, 1313, 21274, 61376, 1002540, 32630, 53771, 1003690, 54778, 1000125, 51090, 54572, 20299, 35667, 35695, 24645, 55248, 55346, 31030, 19461, 1000932, 53569, 53569, 53569, 53569, 1004923, 26178, 28344, 1004774, 18833, 50800, 21274, 55138, 35458, 51002, 55138, 53569, 24490, 438, 31873, 29211, 916, 3732, 916, 54087, 33915, 19793, 21181, 24551, 53723, 28755, 27957, 3283, 14537, 52681, 54876, 1000932, 30729, 1002376, 55685, 1004561, 22203, 23450, 27673, 35655, 55223, 53569, 53843, 35695, 30940, 3732, 34182, 35643, 35643, 3732, 52305, 26175, 55223, 916, 60601, 1002970, 21228, 12173, 55456, 1003476, 52082, 53569, 52014, 1000879, 53411, 25967, 1003835, 1002482, 54398, 1004597, 22029, 52512, 25346, 50100, 19994, 51475, 25346, 15831, 1002718, 24490, 1005341, 1005104, 1005104, 35478, 28085, 55859, 34957, 1003233, 31030, 23713, 25646, 1000071, 26178, 1004220, 11540, 14341, 1003290, 19994, 32006, 1000801, 62069, 1000408, 21421, 1000801, 33085, 938, 938, 50910, 1004220, 1002802, 1005041, 20171, 52708, 51875, 1003108, 60343, 14065, 55685, 52495, 14743, 61233, 11272, 1003664, 1002501, 23067, 2027, 1004747, 1004561, 62069, 1000387, 51908, 25646, 55661, 31702, 1079, 51002, 34019, 20372, 31782, 52556, 21274, 12823, 23067, 1002575, 1004561, 22702, 12002, 52819, 25646, 1001563, 1004923, 853, 25838, 1003835, 32768, 28373, 28973, 1000362, 1004515, 26178, 1003429, 34667, 55223, 52556, 2330, 60922, 52535, 54098, 50963, 938, 35458, 55223, 33531, 60601, 53810, 21274, 52556, 62428, 62777, 31021, 25967, 2755, 1005255, 1003967, 50586, 10717, 1000899, 1001541, 1003476, 2287, 1004629, 650, 63060, 938, 12363, 12823]",526
27,us-east-1.ec2.cloudharmony.net,"[1000234, 1000402, 1000483, 1000503, 1000568, 1000788, 1000879, 1001615, 1001633, 1001738, 1002225, 1002318, 1002421, 1002522, 1002682, 1002683, 1002686, 1002849, 1002904, 1002927, 1002932, 1003040, 1003159, 1003494, 1003607, 1003610, 1003746, 1003774, 1004094, 1004198, 1004212, 1004571, 1004701, 1004821, 1004854, 1004866, 1004967, 1005000, 1005061, 1005104, 1005126, 1114, 11170, 11824, 12165, 12279, 1286, 13308, 14536, 14842, 14895, 15651, 16377, 16426, 16494, 16513, 16588, 16715, 16827, 17602, 17789, 18565, 18667, 20551, 21286, 21950, 21965, 22312, 22394, 22935, 23036, 24080, 24555, 25225, 25262, 25993, 26057, 26320, 2659, 26705, 26831, 26834, 26869, 27296, 27353, 27411, 27955, 27989, 28040, 28088, 28126, 28260, 28455, 28477, 29550, 29793, 3028, 30626, 32463, 33318, 33717, 3433, 34435, 3457, 35229, 35385, 35445, 35462, 3601, 3959, 4069, 450, 50024, 50081, 50180, 50288, 50412, 50612, 50640, 50705, 50719, 50736, 50804, 51136, 51459, 52413, 52640, 52731, 52772, 53236, 53718, 53760, 54028, 54146, 54515, 54532, 54617, 54866, 55018, 55212, 55293, 55449, 55495, 55677, 55795, 60200, 60435, 60605, 60972, 61209, 61229, 61321, 61785, 62382, 62684, 62696, 63015, 63070, 689, 1000056, 1000068, 1000088, 1000093, 10001, 1000198, 1000261, 1000327, 1000362, 1000559, 1000772, 1001151, 1001169, 1001319, 1001514, 1001597, 1001601, 1002480, 1002758, 1002801, 1003341, 1003468, 1004234, 1004600, 1004628, 1004736, 1004984, 1005000, 1005159, 10159, 11740, 12102, 13615, 14064, 14102, 14680, 14723, 15098, 16102, 16601, 16701, 17590, 17968, 18549, 18773, 18833, 19242, 19983, 21515, 21529, 2173, 21957, 22131, 22150, 22585, 22975, 23016, 23394, 23835, 24628, 25746, 26116, 26178, 26261, 26385, 26942, 27119, 27391, 28357, 29292, 31811, 32006, 32378, 32491, 3267, 33085, 33318, 34495, 34506, 34612, 35154, 35407, 35585, 35681, 4167, 50024, 50274, 50288, 50541, 50658, 50695, 50852, 50927, 51025, 51119, 51195, 51245, 52028, 52844, 52975, 53569, 53861, 54080, 54791, 55037, 55404, 55739, 60435, 61316, 61392, 61845, 62515, 62760, 1001356, 1002289, 1002750, 1003131, 1003898, 1004232, 1004453, 1004876, 1004978, 13040, 13851, 15623, 17979, 19983, 20544, 21965, 22895, 24742, 26834, 35042, 35681, 50008, 50017, 52422, 52537, 52955, 53509, 54088, 54330, 60323, 60328, 60510, 60892, 61081, 61241, 61365, 61366, 61498, 61532, 61731, 61780, 61899, 62417, 62553, 62843, 62956, 1002482, 32006, 25698, 1000505, 1002482, 1000840, 52413, 35695, 3732, 35695, 27273, 15637, 19100, 28716, 62515, 11179, 33512, 16884, 62730, 52108, 1000927, 1003035, 23067, 26190, 52556, 1005038, 30774, 29718, 15049, 50970, 55744, 1313, 21274, 1004811, 61376, 1002540, 32630, 54539, 53771, 1003690, 54778, 1000125, 51090, 54572, 20299, 35667, 35695, 24645, 55248, 55346, 31030, 19461, 1000932, 53569, 53569, 53569, 53569, 1004923, 26178, 28344, 1004774, 18833, 19966, 50800, 21274, 55138, 35458, 51002, 55138, 53569, 33018, 24490, 438, 31873, 29211, 916, 3732, 916, 54087, 33915, 19793, 21181, 24551, 53723, 28755, 27957, 3283, 14537, 52681, 54876, 1000932, 30729, 1002376, 55685, 1004561, 22203, 23450, 27673, 35655, 55223, 53569, 53843, 35695, 30940, 3732, 34182, 35643, 35643, 3732, 52305, 1002580, 26175, 55223, 916, 55487, 60601, 1002970, 21228, 12173, 55456, 1003476, 52082, 53569, 52014, 54278, 1000879, 53411, 25967, 1003835, 1002482, 54398, 1004597, 22029, 52512, 25346, 50100, 19994, 51475, 23059, 25346, 15831, 1002718, 24490, 1005341, 1005104, 1005104, 10540, 10540, 35478, 28085, 55859, 34957, 1003195, 60455, 1003233, 26036, 31030, 10422, 23713, 25646, 1000071, 26178, 1004220, 11540, 14341, 1003290, 19994, 32006, 1000801, 62069, 1000408, 21421, 1000801, 33085, 938, 938, 50910, 1004220, 1002802, 1005041, 20171, 52708, 51875, 1003108, 60343, 14065, 54539, 55685, 52495, 14743, 61233, 11272, 11529, 62958, 1003664, 1002501, 23067, 2027, 1004747, 1004561, 62069, 1000387, 51908, 25646, 55661, 31702, 1079, 51002, 34019, 20372, 31782, 52556, 21274, 12823, 23067, 13946, 1002575, 1004561, 22702, 12002, 52819, 25646, 1001563, 1004923, 853, 25838, 1003835, 32768, 28373, 28973, 1000362, 1004515, 26178, 1003429, 34667, 55223, 52556, 2330, 60922, 52535, 54098, 50963, 938, 35458, 55223, 33531, 60601, 53810, 21274, 52556, 62428, 62777, 60169, 31021, 25967, 2755, 1005255, 1003967, 50586, 10717, 1000899, 1001541, 1003476, 2287, 1004629, 650, 10540, 63060, 1121, 938, 12363, 12823]",590
28,us-east.azure.cloudharmony.net,"[1000234, 1000402, 1000483, 1000503, 1000568, 1000788, 1000879, 1001615, 1001633, 1001738, 1002225, 1002318, 1002421, 1002522, 1002682, 1002683, 1002686, 1002849, 1002904, 1002927, 1002932, 1003040, 1003159, 1003494, 1003607, 1003610, 1003746, 1003774, 1004094, 1004198, 1004212, 1004571, 1004701, 1004821, 1004854, 1004866, 1004967, 1005000, 1005061, 1005104, 1005126, 1114, 11170, 11824, 12165, 12279, 1286, 13308, 14536, 14842, 14895, 15651, 16377, 16426, 16494, 16513, 16588, 16715, 16827, 17602, 17789, 18565, 18667, 20551, 21286, 21950, 21965, 22312, 22394, 22935, 23036, 24080, 24555, 25225, 25262, 25993, 26057, 26320, 2659, 26705, 26831, 26834, 26869, 27296, 27353, 27411, 27955, 27989, 28040, 28088, 28126, 28260, 28455, 28477, 29550, 29793, 3028, 30626, 32463, 33318, 33717, 3433, 34435, 3457, 35229, 35385, 35445, 35462, 3601, 3959, 4069, 450, 50024, 50081, 50180, 50288, 50412, 50612, 50640, 50705, 50719, 50736, 50804, 51136, 51459, 52413, 52640, 52731, 52772, 53236, 53718, 53760, 54028, 54146, 54515, 54532, 54617, 54866, 55018, 55212, 55293, 55449, 55495, 55677, 55795, 60200, 60435, 60605, 60972, 61209, 61229, 61321, 61785, 62382, 62684, 62696, 63015, 63070, 689, 1000056, 1000068, 1000088, 1000093, 10001, 1000198, 1000261, 1000327, 1000362, 1000559, 1000772, 1001151, 1001169, 1001319, 1001514, 1001597, 1001601, 1002480, 1002758, 1002801, 1003341, 1003468, 1004234, 1004600, 1004628, 1004736, 1004984, 1005000, 1005159, 10159, 11740, 12102, 13615, 14064, 14102, 14680, 14723, 15098, 16102, 16601, 16701, 17590, 17968, 18549, 18773, 18833, 19242, 19983, 21515, 21529, 2173, 21957, 22131, 22150, 22585, 22975, 23016, 23394, 23835, 24628, 25746, 26116, 26178, 26261, 26385, 26942, 27119, 27391, 28357, 29292, 31811, 32006, 32378, 32491, 3267, 33085, 33318, 34495, 34506, 34612, 35154, 35407, 35585, 35681, 4167, 50024, 50274, 50288, 50541, 50658, 50695, 50852, 50927, 51025, 51119, 51195, 51245, 52028, 52844, 52975, 53569, 53861, 54080, 54791, 55037, 55404, 55739, 60435, 61316, 61392, 61845, 62515, 62760, 1001356, 1002289, 1002750, 1003131, 1003898, 1004232, 1004453, 1004876, 1004978, 13040, 13851, 15623, 17979, 19983, 20544, 21965, 22895, 24742, 26834, 35042, 35681, 50008, 50017, 52422, 52537, 52955, 53509, 54088, 54330, 60323, 60328, 60510, 60892, 61081, 61241, 61365, 61366, 61498, 61532, 61731, 61780, 61899, 62417, 62553, 62843, 62956, 1002482, 32006, 25698, 1000505, 1002482, 1000840, 52413, 35695, 3732, 35695, 27273, 15637, 19100, 28716, 62515, 11179, 33512, 16884, 62730, 52108, 1000927, 1003035, 23067, 26190, 52556, 1005038, 30774, 29718, 15049, 50970, 55744, 1313, 21274, 1004811, 61376, 1002540, 32630, 54539, 53771, 1003690, 54778, 1000125, 51090, 54572, 20299, 35667, 35695, 24645, 55248, 55346, 31030, 19461, 1000932, 53569, 53569, 53569, 53569, 1004923, 26178, 28344, 1004774, 18833, 19966, 50800, 21274, 55138, 35458, 51002, 55138, 53569, 33018, 24490, 438, 31873, 29211, 916, 3732, 916, 54087, 33915, 19793, 21181, 24551, 53723, 28755, 27957, 3283, 14537, 52681, 54876, 1000932, 30729, 1002376, 55685, 1004561, 22203, 23450, 27673, 35655, 55223, 53569, 53843, 35695, 30940, 3732, 34182, 35643, 35643, 3732, 52305, 1002580, 26175, 55223, 916, 55487, 60601, 1002970, 21228, 12173, 55456, 1003476, 52082, 53569, 52014, 54278, 1000879, 53411, 25967, 1003835, 1002482, 54398, 1004597, 22029, 52512, 25346, 50100, 19994, 51475, 23059, 25346, 15831, 1002718, 24490, 1005341, 1005104, 1005104, 10540, 10540, 35478, 28085, 55859, 34957, 1003195, 60455, 1003233, 26036, 31030, 10422, 23713, 25646, 1000071, 26178, 1004220, 11540, 14341, 1003290, 19994, 32006, 1000801, 62069, 1000408, 21421, 1000801, 33085, 938, 938, 50910, 1004220, 1002802, 1005041, 20171, 52708, 51875, 1003108, 60343, 14065, 54539, 55685, 52495, 14743, 61233, 11272, 11529, 62958, 1003664, 1002501, 23067, 2027, 1004747, 1004561, 62069, 1000387, 51908, 25646, 55661, 31702, 1079, 51002, 34019, 20372, 31782, 52556, 21274, 12823, 23067, 13946, 1002575, 1004561, 22702, 12002, 52819, 25646, 1001563, 1004923, 853, 25838, 1003835, 32768, 28373, 28973, 1000362, 1004515, 26178, 1003429, 34667, 55223, 52556, 2330, 60922, 52535, 54098, 50963, 938, 35458, 55223, 33531, 60601, 53810, 21274, 52556, 62428, 62777, 60169, 31021, 25967, 2755, 1005255, 1003967, 50586, 10717, 1000899, 1001541, 1003476, 2287, 1004629, 650, 10540, 63060, 1121, 938, 12363, 12823]",590
29,us-east4.gce.cloudharmony.net,"[1000234, 1000402, 1000483, 1000503, 1000568, 1000788, 1000879, 1001615, 1001633, 1001738, 1002225, 1002318, 1002421, 1002522, 1002682, 1002683, 1002686, 1002849, 1002904, 1002927, 1002932, 1003040, 1003159, 1003494, 1003607, 1003610, 1003746, 1003774, 1004094, 1004198, 1004212, 1004571, 1004701, 1004821, 1004854, 1004866, 1004967, 1005000, 1005061, 1005104, 1005126, 1114, 11170, 11824, 12165, 12279, 1286, 13308, 14536, 14842, 14895, 15651, 16377, 16426, 16494, 16513, 16588, 16715, 16827, 17602, 17789, 18565, 18667, 20551, 21286, 21950, 21965, 22312, 22394, 22935, 23036, 24080, 24555, 25225, 25262, 25993, 26057, 26320, 2659, 26705, 26831, 26834, 26869, 27296, 27353, 27411, 27955, 27989, 28040, 28088, 28126, 28260, 28455, 28477, 29550, 29793, 3028, 30626, 32463, 33318, 33717, 3433, 34435, 3457, 35229, 35385, 35445, 35462, 3601, 3959, 4069, 450, 50024, 50081, 50180, 50288, 50412, 50612, 50640, 50705, 50719, 50736, 50804, 51136, 51459, 52413, 52640, 52731, 52772, 53236, 53718, 53760, 54028, 54146, 54515, 54532, 54617, 54866, 55018, 55212, 55293, 55449, 55495, 55677, 55795, 60200, 60435, 60605, 60972, 61209, 61229, 61321, 61785, 62382, 62684, 62696, 63015, 63070, 689, 1000056, 1000068, 1000088, 1000093, 10001, 1000198, 1000261, 1000327, 1000362, 1000559, 1000772, 1001151, 1001169, 1001319, 1001514, 1001597, 1001601, 1002480, 1002758, 1002801, 1003341, 1003468, 1004234, 1004600, 1004628, 1004736, 1004984, 1005000, 1005159, 10159, 11740, 12102, 13615, 14064, 14102, 14680, 14723, 15098, 16102, 16601, 16701, 17590, 17968, 18549, 18773, 18833, 19242, 19983, 21515, 21529, 2173, 21957, 22131, 22150, 22585, 22975, 23016, 23394, 23835, 24628, 25746, 26116, 26178, 26261, 26385, 26942, 27119, 27391, 28357, 29292, 31811, 32006, 32378, 32491, 3267, 33085, 33318, 34495, 34506, 34612, 35154, 35407, 35585, 35681, 4167, 50024, 50274, 50288, 50541, 50658, 50695, 50852, 50927, 51025, 51119, 51195, 51245, 52028, 52844, 52975, 53569, 53861, 54080, 54791, 55037, 55404, 55739, 60435, 61316, 61392, 61845, 62515, 62760, 1001356, 1002289, 1002750, 1003131, 1003898, 1004232, 1004453, 1004876, 1004978, 13040, 13851, 15623, 17979, 19983, 20544, 21965, 22895, 24742, 26834, 35042, 35681, 50008, 50017, 52422, 52537, 52955, 53509, 54088, 54330, 60323, 60328, 60510, 60892, 61081, 61241, 61365, 61366, 61498, 61532, 61731, 61780, 61899, 62417, 62553, 62843, 62956, 1002482, 32006, 25698, 1000505, 1002482, 1000840, 52413, 35695, 3732, 35695, 27273, 15637, 19100, 28716, 62515, 11179, 33512, 16884, 62730, 52108, 1000927, 1003035, 23067, 26190, 52556, 1005038, 30774, 29718, 15049, 50970, 55744, 1313, 21274, 1004811, 61376, 1002540, 32630, 54539, 53771, 1003690, 54778, 1000125, 51090, 54572, 20299, 35667, 35695, 24645, 55248, 55346, 31030, 19461, 1000932, 53569, 53569, 53569, 53569, 1004923, 26178, 28344, 1004774, 18833, 19966, 50800, 21274, 55138, 35458, 51002, 55138, 53569, 33018, 24490, 438, 31873, 29211, 916, 3732, 916, 54087, 33915, 19793, 21181, 24551, 53723, 28755, 27957, 3283, 14537, 52681, 54876, 1000932, 30729, 1002376, 55685, 1004561, 22203, 23450, 27673, 35655, 55223, 53569, 53843, 35695, 30940, 3732, 34182, 35643, 35643, 3732, 52305, 1002580, 26175, 55223, 916, 55487, 60601, 1002970, 21228, 12173, 55456, 1003476, 52082, 53569, 52014, 54278, 1000879, 53411, 25967, 1003835, 1002482, 54398, 1004597, 22029, 52512, 25346, 50100, 19994, 51475, 23059, 25346, 15831, 1002718, 24490, 1005341, 1005104, 1005104, 10540, 10540, 35478, 28085, 55859, 34957, 1003195, 60455, 1003233, 26036, 31030, 10422, 23713, 25646, 1000071, 26178, 1004220, 11540, 14341, 1003290, 19994, 32006, 1000801, 62069, 1000408, 21421, 1000801, 33085, 938, 938, 50910, 1004220, 1002802, 1005041, 20171, 52708, 51875, 1003108, 60343, 14065, 54539, 55685, 52495, 14743, 61233, 11272, 11529, 62958, 1003664, 1002501, 23067, 2027, 1004747, 1004561, 62069, 1000387, 51908, 25646, 55661, 31702, 1079, 51002, 34019, 20372, 31782, 52556, 21274, 12823, 23067, 13946, 1002575, 1004561, 22702, 12002, 52819, 25646, 1001563, 1004923, 853, 25838, 1003835, 32768, 28373, 28973, 1000362, 1004515, 26178, 1003429, 34667, 55223, 52556, 2330, 60922, 52535, 54098, 50963, 938, 35458, 55223, 33531, 60601, 53810, 21274, 52556, 62428, 62777, 60169, 31021, 25967, 2755, 1005255, 1003967, 50586, 10717, 1000899, 1001541, 1003476, 2287, 1004629, 650, 10540, 63060, 1121, 938, 12363, 12823]",590
19,europe-west3.gce.cloudharmony.net,"[1000234, 1000402, 1000483, 1000503, 1000568, 1000788, 1000879, 1001615, 1001633, 1001738, 1002225, 1002318, 1002421, 1002522, 1002591, 1002626, 1002682, 1002683, 1002686, 1002849, 1002904, 1002927, 1002932, 1003040, 1003159, 1003494, 1003607, 1003610, 1003746, 1003774, 1004094, 1004198, 1004212, 1004571, 1004701, 1004821, 1004854, 1004866, 1004967, 1005000, 1005061, 1005104, 1005126, 1114, 11170, 11824, 12165, 12279, 1286, 13308, 14226, 14536, 14842, 14895, 15651, 16377, 16426, 16494, 16513, 16588, 16715, 16790, 16827, 17602, 17789, 18565, 18667, 20551, 21286, 21950, 21965, 22312, 22394, 22935, 23036, 24080, 24555, 25225, 25262, 25993, 26057, 26320, 2659, 26705, 26831, 26834, 26869, 27296, 27353, 27411, 27955, 27989, 28040, 28088, 28126, 28260, 28455, 28477, 29550, 29793, 3028, 30626, 32463, 33318, 33717, 3433, 34435, 3457, 35229, 35385, 35445, 35462, 3601, 3959, 4069, 450, 50024, 50081, 50180, 50288, 50412, 50612, 50640, 50705, 50719, 50736, 50804, 51136, 51459, 52413, 52640, 52731, 52772, 53236, 53718, 53760, 54028, 54146, 54515, 54532, 54617, 54866, 55018, 55212, 55293, 55449, 55495, 55677, 55795, 60200, 60313, 60435, 60605, 60822, 60972, 61209, 61229, 61321, 61785, 61816, 61868, 62382, 62684, 62696, 62868, 63015, 63070, 689, 1000056, 1000068, 1000088, 1000093, 10001, 1000198, 1000261, 1000327, 1000362, 1000559, 1000772, 1001151, 1001169, 1001319, 1001514, 1001597, 1001601, 1002480, 1002626, 1002758, 1002768, 1002801, 1003341, 1003468, 1004234, 1004600, 1004628, 1004736, 1004984, 1005000, 1005159, 10159, 11740, 12102, 13056, 13615, 14064, 14102, 14680, 14723, 15098, 16102, 16601, 16701, 17590, 17968, 18549, 18773, 18833, 19242, 19983, 21515, 21529, 2173, 21957, 22131, 22150, 22585, 22975, 23016, 23394, 23835, 24628, 24908, 25746, 26116, 26178, 26261, 26385, 26942, 27119, 27391, 28357, 29292, 31811, 32, 32006, 32378, 32491, 3267, 33085, 33318, 34495, 34506, 34612, 35154, 35407, 35585, 35681, 4167, 50024, 50274, 50288, 50541, 50658, 50695, 50852, 50927, 51025, 51119, 51195, 51245, 52028, 52844, 52975, 53569, 53861, 54080, 54791, 55037, 55283, 55404, 55739, 60435, 60822, 60929, 61316, 61392, 61816, 61845, 62515, 62760, 1001040, 1001356, 1002289, 1002750, 1003131, 1003898, 1004232, 1004453, 1004876, 1004978, 10743, 12426, 13040, 13851, 15623, 17979, 19648, 19983, 20544, 21965, 22802, 22895, 23127, 24742, 26834, 28, 28221, 35042, 35681, 50008, 50017, 52422, 52537, 52955, 53509, 53798, 54088, 54330, 55492, 60234, 60323, 60328, 60510, 60892, 60929, 61081, 61113, 61241, 61365, 61366, 61498, 61532, 61731, 61780, 61899, 62365, 62417, 62498, 62553, 62741, 62843, 62868, 62956, 1002482, 32006, 25698, 1000505, 1002482, 1000840, 52413, 35695, 3732, 35695, 27273, 15637, 19100, 28716, 61879, 28597, 62515, 11179, 33512, 16884, 62730, 52108, 1000927, 1003035, 23067, 26190, 52556, 1005038, 30774, 29718, 15049, 50970, 55744, 1313, 21274, 1004811, 61376, 1002540, 32630, 54539, 53771, 1003690, 54778, 1000125, 51090, 54572, 20299, 35667, 35695, 24645, 14203, 55248, 55346, 31030, 19461, 1000932, 53569, 53569, 53569, 53569, 1004923, 12938, 26178, 28344, 1004774, 18833, 19966, 50800, 21274, 55138, 35458, 51002, 55138, 53569, 33018, 24490, 438, 31873, 29211, 916, 3732, 916, 54087, 33915, 19793, 21181, 24551, 53723, 28755, 27957, 3283, 14537, 52681, 54876, 1000932, 30729, 1002376, 55685, 1004561, 22203, 23450, 27673, 35655, 55223, 53569, 53843, 35695, 30940, 3732, 34182, 35643, 35643, 3732, 52305, 1002580, 26175, 55223, 916, 55487, 60601, 1002970, 21228, 12173, 55456, 1003476, 52082, 53569, 52014, 54278, 1000879, 53411, 25967, 1003835, 1002482, 54398, 1004597, 22029, 52512, 25346, 50100, 19994, 51475, 23059, 25346, 15831, 1002718, 24490, 1005341, 1005104, 1005104, 54276, 10540, 10540, 62226, 35478, 28085, 55859, 34957, 1003195, 52326, 51754, 60455, 1003233, 26036, 52601, 31030, 10422, 23713, 25646, 1000071, 26178, 1004220, 11540, 14341, 1003290, 19994, 32006, 1000801, 62069, 1000408, 21421, 1000801, 33085, 938, 938, 50910, 28597, 1004220, 1002242, 1002802, 1005041, 20171, 52708, 51875, 1003108, 60343, 14065, 54539, 55685, 52495, 14743, 61233, 61010, 11272, 11529, 62958, 1003664, 1002501, 23067, 2027, 1004747, 1004561, 62069, 1000387, 51908, 25646, 55661, 31702, 1079, 51002, 34019, 20372, 31782, 52556, 21274, 12823, 23067, 13946, 1002575, 1004561, 22702, 13671, 12002, 52819, 25646, 1001563, 1004923, 853, 25838, 1003835, 32768, 28373, 28973, 1001360, 1000362, 1004515, 26178, 1003429, 34667, 55223, 52556, 2330, 60922, 52535, 54098, 50963, 938, 35458, 55223, 33531, 60601, 53810, 21274, 52556, 62428, 62777, 60169, 31021, 25967, 2755, 1005255, 1003967, 50586, 10717, 1000899, 1001541, 1003476, 2287, 62718, 1004629, 650, 10540, 62226, 31423, 63060, 1121, 52326, 938, 12363, 12823]",643
20,germany-westcentral.azure.cloudharmony.net,"[1000234, 1000402, 1000483, 1000503, 1000568, 1000788, 1000879, 1001615, 1001633, 1001738, 1002225, 1002318, 1002421, 1002522, 1002591, 1002626, 1002682, 1002683, 1002686, 1002849, 1002904, 1002927, 1002932, 1003040, 1003159, 1003494, 1003607, 1003610, 1003746, 1003774, 1004094, 1004198, 1004212, 1004571, 1004701, 1004821, 1004854, 1004866, 1004967, 1005000, 1005061, 1005104, 1005126, 1114, 11170, 11824, 12165, 12279, 1286, 13308, 14226, 14536, 14842, 14895, 15651, 16377, 16426, 16494, 16513, 16588, 16715, 16790, 16827, 17602, 17789, 18565, 18667, 20551, 21286, 21950, 21965, 22312, 22394, 22935, 23036, 24080, 24555, 25225, 25262, 25993, 26057, 26320, 2659, 26705, 26831, 26834, 26869, 27296, 27353, 27411, 27955, 27989, 28040, 28088, 28126, 28260, 28455, 28477, 29550, 29793, 3028, 30626, 32463, 33318, 33717, 3433, 34435, 3457, 35229, 35385, 35445, 35462, 3601, 3959, 4069, 450, 50024, 50081, 50180, 50288, 50412, 50612, 50640, 50705, 50719, 50736, 50804, 51136, 51459, 52413, 52640, 52731, 52772, 53236, 53718, 53760, 54028, 54146, 54515, 54532, 54617, 54866, 55018, 55212, 55293, 55449, 55495, 55677, 55795, 60200, 60313, 60435, 60605, 60822, 60972, 61209, 61229, 61321, 61785, 61816, 61868, 62382, 62684, 62696, 62868, 63015, 63070, 689, 1000056, 1000068, 1000088, 1000093, 10001, 1000198, 1000261, 1000327, 1000362, 1000559, 1000772, 1001151, 1001169, 1001319, 1001514, 1001597, 1001601, 1002480, 1002626, 1002758, 1002768, 1002801, 1003341, 1003468, 1004234, 1004600, 1004628, 1004736, 1004984, 1005000, 1005159, 10159, 11740, 12102, 13056, 13615, 14064, 14102, 14680, 14723, 15098, 16102, 16601, 16701, 17590, 17968, 18549, 18773, 18833, 19242, 19983, 21515, 21529, 2173, 21957, 22131, 22150, 22585, 22975, 23016, 23394, 23835, 24628, 24908, 25746, 26116, 26178, 26261, 26385, 26942, 27119, 27391, 28357, 29292, 31811, 32, 32006, 32378, 32491, 3267, 33085, 33318, 34495, 34506, 34612, 35154, 35407, 35585, 35681, 4167, 50024, 50274, 50288, 50541, 50658, 50695, 50852, 50927, 51025, 51119, 51195, 51245, 52028, 52844, 52975, 53569, 53861, 54080, 54791, 55037, 55283, 55404, 55739, 60435, 60822, 60929, 61316, 61392, 61816, 61845, 62515, 62760, 1001040, 1001356, 1002289, 1002750, 1003131, 1003898, 1004232, 1004453, 1004876, 1004978, 10743, 12426, 13040, 13851, 15623, 17979, 19648, 19983, 20544, 21965, 22802, 22895, 23127, 24742, 26834, 28, 28221, 35042, 35681, 50008, 50017, 52422, 52537, 52955, 53509, 53798, 54088, 54330, 55492, 60234, 60323, 60328, 60510, 60892, 60929, 61081, 61113, 61241, 61365, 61366, 61498, 61532, 61731, 61780, 61899, 62365, 62417, 62498, 62553, 62741, 62843, 62868, 62956, 1002482, 32006, 25698, 1000505, 1002482, 1000840, 52413, 35695, 3732, 35695, 27273, 15637, 19100, 28716, 61879, 28597, 62515, 11179, 33512, 16884, 62730, 52108, 1000927, 1003035, 23067, 26190, 52556, 1005038, 30774, 29718, 15049, 50970, 55744, 1313, 21274, 1004811, 61376, 1002540, 32630, 54539, 53771, 1003690, 54778, 1000125, 51090, 54572, 20299, 35667, 35695, 24645, 14203, 55248, 55346, 31030, 19461, 1000932, 53569, 53569, 53569, 53569, 1004923, 12938, 26178, 28344, 1004774, 18833, 19966, 50800, 21274, 55138, 35458, 51002, 55138, 53569, 33018, 24490, 438, 31873, 29211, 916, 3732, 916, 54087, 33915, 19793, 21181, 24551, 53723, 28755, 27957, 3283, 14537, 52681, 54876, 1000932, 30729, 1002376, 55685, 1004561, 22203, 23450, 27673, 35655, 55223, 53569, 53843, 35695, 30940, 3732, 34182, 35643, 35643, 3732, 52305, 1002580, 26175, 55223, 916, 55487, 60601, 1002970, 21228, 12173, 55456, 1003476, 52082, 53569, 52014, 54278, 1000879, 53411, 25967, 1003835, 1002482, 54398, 1004597, 22029, 52512, 25346, 50100, 19994, 51475, 23059, 25346, 15831, 1002718, 24490, 1005341, 1005104, 1005104, 54276, 10540, 10540, 62226, 35478, 28085, 55859, 34957, 1003195, 52326, 51754, 60455, 1003233, 26036, 52601, 31030, 10422, 23713, 25646, 1000071, 26178, 1004220, 11540, 14341, 1003290, 19994, 32006, 1000801, 62069, 1000408, 21421, 1000801, 33085, 938, 938, 50910, 28597, 1004220, 1002242, 1002802, 1005041, 20171, 52708, 51875, 1003108, 60343, 14065, 54539, 55685, 52495, 14743, 61233, 61010, 11272, 11529, 62958, 1003664, 1002501, 23067, 2027, 1004747, 1004561, 62069, 1000387, 51908, 25646, 55661, 31702, 1079, 51002, 34019, 20372, 31782, 52556, 21274, 12823, 23067, 13946, 1002575, 1004561, 22702, 13671, 12002, 52819, 25646, 1001563, 1004923, 853, 25838, 1003835, 32768, 28373, 28973, 1001360, 1000362, 1004515, 26178, 1003429, 34667, 55223, 52556, 2330, 60922, 52535, 54098, 50963, 938, 35458, 55223, 33531, 60601, 53810, 21274, 52556, 62428, 62777, 60169, 31021, 25967, 2755, 1005255, 1003967, 50586, 10717, 1000899, 1001541, 1003476, 2287, 62718, 1004629, 650, 10540, 62226, 31423, 63060, 1121, 52326, 938, 12363, 12823]",643
16,eu-central-1.ec2.cloudharmony.net,"[1000234, 1000402, 1000483, 1000503, 1000568, 1000788, 1000879, 1001615, 1001633, 1001738, 1002225, 1002318, 1002421, 1002522, 1002591, 1002626, 1002682, 1002683, 1002686, 1002849, 1002904, 1002927, 1002932, 1003040, 1003159, 1003494, 1003607, 1003610, 1003746, 1003774, 1004094, 1004198, 1004212, 1004571, 1004701, 1004821, 1004854, 1004866, 1004967, 1005000, 1005061, 1005104, 1005126, 1114, 11170, 11824, 12165, 12279, 1286, 13308, 14226, 14536, 14842, 14895, 15651, 16377, 16426, 16494, 16513, 16588, 16715, 16790, 16827, 17602, 17789, 18565, 18667, 20551, 21286, 21950, 21965, 22312, 22394, 22935, 23036, 24080, 24555, 25225, 25262, 25993, 26057, 26320, 2659, 26705, 26831, 26834, 26869, 27296, 27353, 27411, 27955, 27989, 28040, 28088, 28126, 28260, 28455, 28477, 29550, 29793, 3028, 30626, 32463, 33318, 33717, 3433, 34435, 3457, 35229, 35385, 35445, 35462, 3601, 3959, 4069, 450, 50024, 50081, 50180, 50288, 50412, 50612, 50640, 50705, 50719, 50736, 50804, 51136, 51459, 52413, 52640, 52731, 52772, 53236, 53718, 53760, 54028, 54146, 54515, 54532, 54617, 54866, 55018, 55212, 55293, 55449, 55495, 55677, 55795, 60200, 60313, 60435, 60605, 60822, 60972, 61209, 61229, 61321, 61785, 61816, 61868, 62382, 62684, 62696, 62868, 63015, 63070, 689, 1000056, 1000068, 1000088, 1000093, 10001, 1000198, 1000261, 1000327, 1000362, 1000559, 1000772, 1001151, 1001169, 1001319, 1001514, 1001597, 1001601, 1002480, 1002626, 1002758, 1002768, 1002801, 1003341, 1003468, 1004234, 1004600, 1004628, 1004736, 1004984, 1005000, 1005159, 10159, 11740, 12102, 13056, 13615, 14064, 14102, 14680, 14723, 15098, 16102, 16601, 16701, 17590, 17968, 18549, 18773, 18833, 19242, 19983, 21515, 21529, 2173, 21957, 22131, 22150, 22585, 22975, 23016, 23394, 23835, 24628, 24908, 25746, 26116, 26178, 26261, 26385, 26942, 27119, 27391, 28357, 29292, 31811, 32, 32006, 32378, 32491, 3267, 33085, 33318, 34495, 34506, 34612, 35154, 35407, 35585, 35681, 4167, 50024, 50274, 50288, 50541, 50658, 50695, 50852, 50927, 51025, 51119, 51195, 51245, 52028, 52844, 52975, 53569, 53861, 54080, 54791, 55037, 55283, 55404, 55739, 60435, 60822, 60929, 61316, 61392, 61816, 61845, 62515, 62760, 1001040, 1001356, 1002289, 1002750, 1003131, 1003898, 1004232, 1004453, 1004876, 1004978, 10743, 12426, 13040, 13851, 15623, 17979, 19648, 19983, 20544, 21965, 22802, 22895, 23127, 24742, 26834, 28, 28221, 35042, 35681, 50008, 50017, 52422, 52537, 52955, 53509, 53798, 54088, 54330, 55492, 60234, 60323, 60328, 60510, 60892, 60929, 61081, 61113, 61241, 61365, 61366, 61498, 61532, 61731, 61780, 61899, 62365, 62417, 62498, 62553, 62741, 62843, 62868, 62956, 1002482, 32006, 25698, 1000505, 1002482, 1000840, 52413, 35695, 3732, 35695, 27273, 15637, 19100, 28716, 61879, 28597, 62515, 11179, 33512, 16884, 62730, 52108, 1000927, 1003035, 23067, 26190, 52556, 1005038, 30774, 29718, 15049, 50970, 55744, 1313, 21274, 1004811, 61376, 1002540, 32630, 54539, 53771, 1003690, 54778, 1000125, 51090, 54572, 20299, 35667, 35695, 24645, 14203, 55248, 55346, 31030, 19461, 1000932, 53569, 53569, 53569, 53569, 1004923, 12938, 26178, 28344, 1004774, 18833, 19966, 50800, 21274, 55138, 35458, 51002, 55138, 53569, 33018, 24490, 438, 31873, 29211, 916, 3732, 916, 54087, 33915, 19793, 21181, 24551, 53723, 28755, 27957, 3283, 14537, 52681, 54876, 1000932, 30729, 1002376, 55685, 1004561, 22203, 23450, 27673, 35655, 55223, 53569, 53843, 35695, 30940, 3732, 34182, 35643, 35643, 3732, 52305, 1002580, 26175, 55223, 916, 55487, 60601, 1002970, 21228, 12173, 55456, 1003476, 52082, 53569, 52014, 54278, 1000879, 53411, 25967, 1003835, 1002482, 54398, 1004597, 22029, 52512, 25346, 50100, 19994, 51475, 23059, 25346, 15831, 1002718, 24490, 1005341, 1005104, 1005104, 54276, 10540, 10540, 62226, 35478, 28085, 55859, 34957, 1003195, 52326, 51754, 60455, 1003233, 26036, 52601, 31030, 10422, 23713, 25646, 1000071, 26178, 1004220, 11540, 14341, 1003290, 19994, 32006, 1000801, 62069, 1000408, 21421, 1000801, 33085, 938, 938, 50910, 28597, 1004220, 1002242, 1002802, 1005041, 20171, 52708, 51875, 1003108, 60343, 14065, 54539, 55685, 52495, 14743, 61233, 61010, 11272, 11529, 62958, 1003664, 1002501, 23067, 2027, 1004747, 1004561, 62069, 1000387, 51908, 25646, 55661, 31702, 1079, 51002, 34019, 20372, 31782, 52556, 21274, 12823, 23067, 13946, 1002575, 1004561, 22702, 13671, 12002, 52819, 25646, 1001563, 1004923, 853, 25838, 1003835, 32768, 28373, 28973, 1001360, 1000362, 1004515, 26178, 1003429, 34667, 55223, 52556, 2330, 60922, 52535, 54098, 50963, 938, 35458, 55223, 33531, 60601, 53810, 21274, 52556, 62428, 62777, 60169, 31021, 25967, 2755, 1005255, 1003967, 50586, 10717, 1000899, 1001541, 1003476, 2287, 62718, 1004629, 650, 10540, 62226, 31423, 63060, 1121, 52326, 938, 12363, 12823]",643
